3.898171832519376111e-17
7.885155923142674744e-03
1.577548833786647856e-02
2.355151195217941584e-02
3.109355533509523470e-02
3.828353978894773191e-02
4.500676200096394991e-02
5.115365444803458145e-02
5.662149748316247511e-02
6.131605736178908500e-02
6.515312517108413914e-02
6.805993269995357087e-02
6.997642272127675700e-02
7.085635293478768915e-02
7.066821491804321786e-02
6.939595182825135378e-02
6.703946125900103747e-02
6.361487254866832197e-02
5.915459092329745233e-02
5.370710409470993985e-02
4.733655028047976249e-02
4.012205002017778244e-02
3.215680758446787246e-02
2.354699116198539360e-02
1.441040431511328088e-02
4.874964372039872727e-03
-4.922993577675811340e-03
-1.484056563795270109e-02
-2.473025704952241943e-02
-3.444206294580068328e-02
-4.382562386819426753e-02
-5.273242647825471946e-02
-6.101801878823071706e-02
-6.854420853017002824e-02
-7.518121301206251439e-02
-8.080972897706614755e-02
-8.532289159211234320e-02
-8.862809274251828850e-02
-9.064863029087365243e-02
-9.132516185658154373e-02
-9.061693896622387279e-02
-8.850280008788888320e-02
-8.498190406283043230e-02
-8.007418874837757272e-02
-7.382054324536709011e-02
-6.628268585596487628e-02
-5.754274385455326185e-02
-4.770253520353110593e-02
-3.688255645341294298e-02
-2.522068517709871727e-02
-1.287060934551683550e-02
3.898171832519375494e-17
1.321155263943770211e-02
2.657481592486229602e-02
3.989337738838551889e-02
5.296626322598978892e-02
6.559068005798736334e-02
7.756484515059725027e-02
8.869086850342669526e-02
9.877764889398416015e-02
1.076437451462519401e-01
1.151201835729682849e-01
1.210531627411388644e-01
1.253066174311235348e-01
1.277646048981604943e-01
1.283334782911664806e-01
1.269438143199720093e-01
1.235520649649357733e-01
1.181419061618125543e-01
1.107252599333516663e-01
1.013429703352353162e-01
9.006511779029338638e-02
7.699096084953035990e-02
6.224849908552981814e-02
4.599365563415867136e-02
2.840908279265193237e-02
9.702598992894930982e-03
-9.894729666021640294e-03
-3.013084538614620861e-02
-5.073526961706156801e-02
-7.142196210866047501e-02
-9.189243714298779564e-02
-1.118391023110235638e-01
-1.309487818938435688e-01
-1.489063840483005052e-01
-1.653986686265375983e-01
-1.801180706115330654e-01
-1.927665328562537805e-01
-2.030593010936178333e-01
-2.107286340528101154e-01
-2.155273819815324010e-01
-2.172323879327284768e-01
-2.156476678197856156e-01
-2.106073274600580580e-01
-2.019781775891912323e-01
-1.896620111073278048e-01
-1.735975105751462189e-01
-1.537617581687244217e-01
-1.301713248774324927e-01
-1.028829206332043805e-01
-7.199359223280887843e-02
-3.764046129349243180e-02
3.216976900108397900e-16
4.071315201132849615e-02
8.424782069796776796e-02
1.303183661353921052e-01
1.786071666922905699e-01
2.287674938607850983e-01
2.804267478521592083e-01
3.331900195128731368e-01
3.866439399564523538e-01
4.403607755983033889e-01
4.939027230711218741e-01
5.468263558306610816e-01
5.986871721709230432e-01
6.490441928826553575e-01
6.974645559302525832e-01
7.435280553026929473e-01
7.868315716188019060e-01
8.269933431326882411e-01
8.636570274801426139e-01
8.964955068116974291e-01
9.252143918457412797e-01
9.495551838108747811e-01
9.692980571889637798e-01
9.842642305709934369e-01
9.943178977428216436e-01
9.993676962681846687e-01
9.993676962681846687e-01
9.943178977428216436e-01
9.842642305709935480e-01
9.692980571889640018e-01
9.495551838108750031e-01
9.252143918457412797e-01
8.964955068116974291e-01
8.636570274801426139e-01
8.269933431326882411e-01
7.868315716188019060e-01
7.435280553026936134e-01
6.974645559302532494e-01
6.490441928826546913e-01
5.986871721709230432e-01
5.468263558306610816e-01
4.939027230711218741e-01
4.403607755983033889e-01
3.866439399564523538e-01
3.331900195128738584e-01
2.804267478521599299e-01
2.287674938607858199e-01
1.786071666922905699e-01
1.303183661353921052e-01
8.424782069796776796e-02
4.071315201132849615e-02
3.216976900108397900e-16
-3.764046129349191139e-02
-7.199359223280840658e-02
-1.028829206332047969e-01
-1.301713248774324927e-01
-1.537617581687244217e-01
-1.735975105751462189e-01
-1.896620111073278048e-01
-2.019781775891912323e-01
-2.106073274600579470e-01
-2.156476678197855879e-01
-2.172323879327285046e-01
-2.155273819815324010e-01
-2.107286340528101154e-01
-2.030593010936178333e-01
-1.927665328562537805e-01
-1.801180706115330654e-01
-1.653986686265378203e-01
-1.489063840483007273e-01
-1.309487818938432913e-01
-1.118391023110235638e-01
-9.189243714298779564e-02
-7.142196210866047501e-02
-5.073526961706156801e-02
-3.013084538614620861e-02
-9.894729666021929992e-03
9.702598992894653426e-03
2.840908279265166869e-02
4.599365563415867136e-02
6.224849908552981814e-02
7.699096084953035990e-02
9.006511779029338638e-02
1.013429703352353162e-01
1.107252599333515414e-01
1.181419061618125127e-01
1.235520649649358288e-01
1.269438143199720093e-01
1.283334782911664806e-01
1.277646048981604943e-01
1.253066174311235348e-01
1.210531627411388644e-01
1.151201835729683820e-01
1.076437451462520511e-01
9.877764889398429893e-02
8.869086850342669526e-02
7.756484515059725027e-02
6.559068005798736334e-02
5.296626322598978892e-02
3.989337738838551889e-02
2.657481592486248684e-02
1.321155263943789293e-02
-1.494955961319034970e-16
-1.287060934551683550e-02
-2.522068517709871727e-02
-3.688255645341294298e-02
-4.770253520353110593e-02
-5.754274385455326185e-02
-6.628268585596475138e-02
-7.382054324536699297e-02
-8.007418874837748946e-02
-8.498190406283043230e-02
-8.850280008788888320e-02
-9.061693896622387279e-02
-9.132516185658154373e-02
-9.064863029087365243e-02
-8.862809274251833014e-02
-8.532289159211238483e-02
-8.080972897706607816e-02
-7.518121301206251439e-02
-6.854420853017002824e-02
-6.101801878823071706e-02
-5.273242647825471946e-02
-4.382562386819426753e-02
-3.444206294580082206e-02
-2.473025704952256168e-02
-1.484056563795270109e-02
-4.922993577675811340e-03
4.874964372039872727e-03
1.441040431511328088e-02
2.354699116198539360e-02
3.215680758446787246e-02
4.012205002017767835e-02
4.733655028047966534e-02
5.370710409471002311e-02
5.915459092329745233e-02
6.361487254866832197e-02
6.703946125900103747e-02
6.939595182825135378e-02
7.066821491804321786e-02
7.085635293478768915e-02
6.997642272127678476e-02
6.805993269995359862e-02
6.515312517108413914e-02
6.131605736178908500e-02
5.662149748316247511e-02
5.115365444803458145e-02
4.500676200096394991e-02
3.828353978894783599e-02
3.109355533509534225e-02
2.355151195217930482e-02
1.577548833786647856e-02
7.885155923142674744e-03
3.898171832519376111e-17
